2136
6772
4594
7441
3656
5515
9126
5138
1396
7907
1512
8108
5255
4626
3329
4295
9203
9714
2469
4848
2316
4708
1351
3221
3461
1388
9963
6996
1374
9469
6425
4522
3824
5795
2487
8699
2003
1204
1705
9739
5176
3652
2970
9526
5808
4956
5447
7757
4158
8075
2096
7435
6729
9400
6966
5920
5740
3242
3427
7017
2270
1688
4454
4814
4495
2610
4863
1642
6569
3308
2620
6441
3797
6595
8993
6211
7228
8836
1992
7659
7494
6690
6518
4308
5143
1314
5817
1656
6341
8423
5200
6104
6123
3337
8223
5574
4109
2548
6162
2665
2380
1049
